k       lamda   x       y
1        0       0       375
2        1       1       375
3        0       750     376
4        750     2       378
5        377     188     94
6        378     6       361
7        248     667     180
8        351     121     712
9        580     582     15
10       131     57      419
11       93      331     384
12       177     207     536
13       418     285     655
14       528     629     206
15       500     39      402
16       174     197     644
17       638     556     120
18       579     490     544
19       477     237     728
20       518     731     222
21       646     531     557
22       6       256     342
23       701     742     677
24       634     180     408
25       238     139     338
26       124     217     504
27       274     510     322
28       343     734     199
29       673     93      120
30       506     603     164
31       382     378     172
32       69      628     602
33       47      79      418
34       685     522     282
35       289     389     605
36       323     302     460
37       147     279     668
38       246     157     55
39       218     54      620
40       686     416     380
41       269     600     441
42       293     386     679
43       172     660     257
44       612     637     301
45       27      92      145
46       373     102     631
47       459     299     568
48       184     513     610
49       425     623     704
50       414     296     245
51       644     639     408
52       744     161     1
53       21      280     504
54       325     205     590
55       56      678     709
56       16      329     369
57       630     43      322
58       383     201     746
59       28      583     574
60       647     470     441
61       406     648     138
62       170     465     181
63       216     380     155
64       118     26      312
65       142     612     588
66       247     317     181
67       305     335     337
68       242     402     722
69       339     367     629
70       191     66      537
71       139     480     495
72       188     318     672
73       674     354     598
74       304     440     294
75       121     683     343
76       133     484     590
77       663     501     155
78       91      270     589
79       240     254     247
80       443     735     705
81       261     547     299
82       74      423     616
83       345     695     170
84       178     198     429
85       683     671     193
86       359     540     274
87       182     291     735
88       489     12      516
89       575     173     33
90       736     52      405
91       145     696     90
92       210     597     423
93       185     584     480
94       557     253     643
95       476     272     76
96       587     339     398
97       308     650     693
98       153     229     636
99       375     710     731
100      724     19      138
101      699     432     310
102      165     508     668
103      552     41      274
104      602     381     69
105      354     269     527
106      330     487     380
107      714     131     717
108      123     729     78
109      389     392     341
110      180     466     608
111      376     473     515
112      194     364     354
113      361     34      118
114      633     372     714
115      225     687     507
116      702     212     250
117      591     605     297
118      196     261     288
119      250     657     595
120      493     570     240
121      731     581     731
122      422     267     352
123      284     32      300
124      115     426     201
125      465     262     208
126      329     586     589
127      290     153     315
128      515     720     570
129      454     373     9
130      597     62      161
131      45      461     659
132      605     578     652
133      337     341     362
134      599     233     495
135      513     86      567
136      369     144     561
137      721     5       526
138      631     126     476
139      722     715     83
140      175     621     596
141      524     591     104
142      748     169     132
143      43      178     232
144      265     204     388
145      151     67      22
146      331     599     371
147      336     398     326
148      632     245     242
149      729     239     377
150      44      195     57
151      241     59      426
152      370     159     124
153      603     717     601
154      656     47      335
155      111     258     276
156      183     187     701
157      66      414     88
158      607     45      97
159      628     64      738
160      698     492     167
161      24      84      613
162      128     529     254
163      464     732     180
164      366     297     569
165      208     160     140
166      22      324     7
167      379     627     59
168      51      472     336
169      307     653     422
170      421     103     571
171      505     333     435
172      352     407     553
173      554     101     747
174      487     503     241
175      479     634     94
176      548     21      133
177      60      575     422
178      4       192     359
179      438     147     576
180      78      680     657
181      197     579     465
182      113     174     240
183      556     301     493
184      447     493     48
185      10      358     551
186      462     553     230
187      179     697     279
188      419     632     671
189      48      170     477
190      301     311     640
191      25      314     36
192      207     479     355
193      232     24      65
194      300     607     18
195      112     672     212
196      658     467     249
197      725     209     553
198      565     592     91
199      715     704     186
200      20      447     448
201      689     393     710
202      341     234     188
203      272     152     337
204      563     646     162
205      517     38      256
206      570     430     102
207      57      566     407
208      353     128     252
209      310     595     672
210      648     251     695
211      480     343     205
212      63      622     242
213      100     366     575
214      58      745     724
215      67      740     362
216      206     391     187
217      109     225     634
218      138     44      312
219      357     486     355
220      411     211     20
221      550     387     59
222      397     263     354
223      611     562     201
224      740     310     31
225      590     77      6
226      122     538     77
227      220     549     507
228      386     500     383
229      739     395     610
230      609     243     336
231      176     693     70
232      70      452     278
233      38      241     230
234      96      714     173
235      452     69      730
236      582     705     112
237      120     177     164
238      334     231     575
239      404     18      614
240      55      3       211
241      446     649     57
242      224     712     100
243      604     620     645
244      61      97      467
245      450     384     306
246      522     238     55
247      371     721     241
248      405     337     573
249      424     701     548
250      342     609     125
251      171     94      73
252      588     190     555
253      80      202     738
254      65      268     229
255      431     747     598
256      132     155     193
257      275     370     11
258      271     224     503
259      537     512     298
260      192     304     586
261      601     417     593
262      521     664     643
263      394     617     602
264      116     72      285
265      562     352     65
266      157     265     76
267      577     722     587
268      666     495     395
269      129     375     65
270      620     264     414
271      589     446     532
272      423     496     97
273      596     248     515
274      691     348     228
275      19      13      129
276      501     154     575
277      606     594     141
278      432     533     677
279      350     305     268
280      140     520     423
281      624     589     79
282      76      681     439
283      42      332     701
284      286     356     696
285      619     546     352
286      502     624     295
287      385     405     659
288      86      232     701
289      228     684     632
290      41      246     53
291      652     543     61
292      442     312     656
293      581     50      615
294      155     694     199
295      372     257     149
296      642     359     455
297      291     210     97
298      671     182     667
299      439     283     54
300      381     686     358
301      266     227     74
302      88      7       511
303      234     677     419
304      40      172     255
305      401     666     666
306      403     278     241
307      529     191     722
308      49      708     230
309      440     636     659
310      742     196     638
311      396     412     191
312      211     551     520
313      356     17      332
314      130     361     8
315      103     485     738
316      600     537     355
317      716     688     424
318      333     555     307
319      31      406     557
320      363     689     352
321      497     743     597
322      160     74      552
323      317     532     707
324      458     454     471
325      470     403     218
326      322     394     427
327      84      654     263
328      156     401     153
329      168     36      336
330      437     179     257
331      507     28      449
332      700     320     174
333      166     200     220
334      18      124     397
335      303     63      62
336      150     658     57
337      173     733     486
338      119     661     572
339      390     488     59
340      104     565     194
341      433     676     558
342      328     266     244
343      471     30      515
344      255     409     470
345      709     604     210
346      277     274     329
347      400     514     550
348      107     421     389
349      578     219     713
350      149     203     169
351      639     325     728
352      283     158     722
353      83      723     447
354      212     663     257
355      667     385     423
356      677     585     108
357      169     189     728
358      733     135     553
359      680     400     238
360      163     635     509
361      711     214     675
362      226     545     370
363      62      295     110
364      661     295     641
365      62      545     381
366      226     214     76
367      711     635     242
368      163     400     513
369      680     135     198
370      733     189     23
371      169     585     643
372      677     385     328
373      667     663     494
374      212     723     304
375      83      158     29
376      283     325     23
377      639     203     582
378      149     219     38
379      578     421     362
380      107     514     201
381      400     274     422
382      277     604     541
383      709     409     281
384      255     30      236
385      471     266     507
386      328     676     193
387      433     565     557
388      104     488     692
389      390     661     179
390      119     733     265
391      173     658     694
392      150     63      689
393      303     124     354
394      18      200     531
395      166     320     577
396      700     28      302
397      507     179     494
398      437     36      415
399      168     401     598
400      156     654     488
401      84      394     324
402      322     403     533
403      470     454     280
404      458     532     44
405      317     74      199
406      160     743     154
407      497     689     399
408      363     406     194
409      31      555     444
410      333     688     327
411      716     537     396
412      600     485     13
413      103     361     743
414      130     17      419
415      356     551     231
416      211     412     560
417      396     196     113
418      742     636     92
419      440     708     521
420      49      191     29
421      529     278     510
422      403     666     85
423      401     172     496
424      40      677     332
425      234     7       240
426      88      227     677
427      266     686     393
428      381     283     697
429      439     182     84
430      671     210     654
431      291     359     296
432      642     257     602
433      372     694     552
434      155     50      136
435      581     312     95
436      442     543     690
437      652     246     698
438      41      684     119
439      228     232     50
440      86      405     92
441      385     624     456
442      502     546     399
443      619     356     55
444      286     332     50
445      42      681     312
446      76      589     672
447      624     520     328
448      140     305     483
449      350     533     74
450      432     594     610
451      606     154     176
452      501     13      622
453      19      348     523
454      691     248     236
455      596     496     654
456      423     446     219
457      589     264     337
458      620     375     686
459      129     495     356
460      666     722     164
461      577     265     675
462      157     352     686
463      562     72      466
464      116     617     149
465      394     664     108
466      521     417     158
467      601     304     165
468      192     512     453
469      537     224     248
470      271     370     740
471      275     155     558
472      132     747     153
473      431     268     522
474      65      202     13
475      80      190     196
476      588     94      678
477      171     609     626
478      342     701     203
479      424     337     178
480      405     721     510
481      371     238     696
482      522     384     445
483      450     97      284
484      61      620     106
485      604     712     651
486      224     649     694
487      446     3       540
488      55      18      137
489      404     231     176
490      334     177     587
491      120     705     639
492      582     69      21
493      452     714     578
494      96      241     521
495      38      452     473
496      70      693     681
497      176     243     415
498      609     395     141
499      739     500     368
500      386     549     244
501      220     538     674
502      122     77      745
503      590     310     720
504      740     562     550
505      611     263     397
506      397     387     692
507      550     211     731
508      411     486     396
509      357     44      439
510      138     225     117
511      109     391     564
512      206     740     389
513      67      745     27
514      58      366     176
515      100     622     509
516      63      343     546
517      480     251     56
518      648     595     79
519      310     128     499
520      353     566     344
521      57      430     649
522      570     38      495
523      517     646     589
524      563     152     414
525      272     234     563
526      341     393     41
527      689     447     303
528      20      704     565
529      715     592     660
530      565     209     198
531      725     467     502
532      658     672     539
533      112     607     733
534      300     24      686
535      232     479     396
536      207     314     715
537      25      311     111
538      301     170     274
539      48      632     80
540      419     697     472
541      179     553     521
542      462     358     200
543      10      493     703
544      447     301     258
545      556     174     511
546      113     579     286
547      197     680     94
548      78      147     175
549      438     192     392
550      4       575     329
551      60      21      618
552      548     634     657
553      479     503     510
554      487     101     4
555      554     407     198
556      352     333     316
557      505     103     180
558      421     653     329
559      307     472     415
560      51      627     692
561      379     324     744
562      22      160     611
563      208     297     182
564      366     732     571
565      464     529     497
566      128     84      138
567      24      492     584
568      698     64      13
569      628     45      654
570      607     414     663
571      66      187     50
572      183     258     475
573      111     47      416
574      656     717     150
575      603     159     627
576      370     59      325
577      241     195     694
578      44      239     374
579      729     245     509
580      632     398     425
581      336     599     380
582      331     67      729
583      151     204     363
584      265     178     519
585      43      169     619
586      748     591     647
587      524     621     155
588      175     715     668
589      722     126     275
590      631     5       225
591      721     144     190
592      369     86      184
593      513     233     256
594      599     341     389
595      337     578     99
596      605     461     92
597      45      62      590
598      597     373     742
599      454     720     181
600      515     153     436
601      290     586     162
602      329     262     543
603      465     426     550
604      115     32      451
605      284     267     399
606      422     581     20
607      731     570     511
608      493     657     156
609      250     261     463
610      196     605     454
611      591     212     501
612      702     687     244
613      225     372     37
614      633     34      633
615      361     364     397
616      194     473     236
617      376     466     143
618      180     392     410
619      389     729     673
620      123     131     34
621      714     487     371
622      330     269     224
623      354     381     682
624      602     41      477
625      552     508     83
626      165     432     441
627      699     19      613
628      724     710     20
629      375     229     115
630      153     650     58
631      308     339     353
632      587     272     675
633      476     253     108
634      557     584     271
635      185     597     328
636      210     696     661
637      145     52      346
638      736     173     718
639      575     12      235
640      489     291     16
641      182     540     477
642      359     671     558
643      683     198     322
644      178     695     581
645      345     423     135
646      74      547     452
647      261     735     46
648      443     254     504
649      240     270     162
650      91      501     596
651      663     484     161
652      133     683     408
653      121     440     457
654      304     354     153
655      674     318     79
656      188     480     256
657      139     66      214
658      191     367     122
659      339     402     29
660      242     335     414
661      305     317     570
662      247     612     163
663      142     26      439
664      118     380     596
665      216     465     570
666      170     648     613
667      406     470     310
668      647     583     177
669      28      201     5
670      383     43      429
671      630     329     382
672      16      678     42
673      56      205     161
674      325     280     247
675      21      161     750
676      744     639     343
677      644     296     506
678      414     623     47
679      425     513     141
680      184     299     183
681      459     102     120
682      373     92      606
683      27      637     450
684      612     660     494
685      172     386     72
686      293     600     310
687      269     416     371
688      686     54      131
689      218     157     696
690      246     279     83
691      147     302     291
692      323     389     146
693      289     522     469
694      685     79      333
695      47      628     149
696      69      378     579
697      382     603     587
698      506     93      631
699      673     734     552
700      343     510     429
701      274     217     247
702      124     139     413
703      238     180     343
704      634     742     74
705      701     256     409
706      6       531     194
707      646     731     529
708      518     237     23
709      477     490     207
710      579     556     631
711      638     197     107
712      174     39      349
713      500     629     545
714      528     285     96
715      418     207     215
716      177     331     367
717      93      57      332
718      131     582     736
719      580     121     39
720      351     667     571
721      248     6       390
722      378     188     657
723      377     2       373
724      750     750     375
725      0       1       376
726      1       0       376
Level Ep:  727